start 001 诺登 0 2018 11 10 2025 11 29 2035 图书馆之梦 5 不可思议之国 1 1 1
salary 5 0 1.00 1.00 1.00 1.00
end
start 002 霍蕾莎 0 2009 1 20 2025 9 1 2064 财务部 5 西山东山的交接处的半山腰的公寓1楼108号 13546851674 Teresa Huo@finance.niuma.com
salary 2026 6 9000.00 1000.00 1500.00 8500.00
salary 2025 9 3000.00 0.00 100.00 2900.00
end
start 001 克劳恩 1 2006 10 30 2025 9 3 2071 销售部 3 东山西山的交接处的半山腰的公寓1楼109号 18745689234 Krone@sale.niuma.com Krone.ghost@monster.com
salary 2026 6 8000.00 500.00 1000.00 7500.00
salary 2025 9 0.00 0.00 0.00 0.00
end
start 003 塞西莉亚 0 1991 3 8 2013 6 9 2051 人力部 4 旧街区维多利亚大道维罗妮卡公寓5楼520号 16923001884 Cecilia@HR.niuma.com Cecilia.hunter#monster.com
salary 2026 6 12000.00 3000.00 2700.00 12300.00
salary 2013 9 6000.00 1500.00 900.00 6600.00
salary 2013 8 3000.00 0.00 100.00 2900.00
salary 2013 7 3000.00 0.00 100.00 2900.00
salary 2013 6 3000.00 0.00 100.00 2900.00
end